{
  "camera_angle_x": 0.7853981633974483,
  "frames": [
    {
      "file_path": "./images/train/cam_000",
      "transform_matrix": [
        [
          -0.0,
          0.25881904510252074,
          0.9659258262890683,
          4.8296291314453415
        ],
        [
          1.0,
          0.0,
          0.0,
          0.0
        ],
        [
          0.0,
          0.9659258262890683,
          -0.25881904510252074,
          -1.2940952255126037
        ],
        [
          0.0,
          0.0,
          0.0,
          1.0
        ]
      ]
    },
    {
      "file_path": "./images/train/cam_001",
      "transform_matrix": [
        [
          -0.49999999999999983,
          0.2241438680420134,
          0.836516303737808,
          4.18258151868904
        ],
        [
          0.8660254037844387,
          0.12940952255126031,
          0.48296291314453405,
          2.4148145657226703
        ],
        [
          0.0,
          0.9659258262890683,
          -0.25881904510252074,
          -1.2940952255126037
        ],
        [
          0.0,
          0.0,
          0.0,
          1.0
        ]
      ]
    },
    {
      "file_path": "./images/train/cam_003",
      "transform_matrix": [
        [
          -1.0,
          1.5848095757158825e-17,
          5.914589856893349e-17,
          2.9572949284466745e-16
        ],
        [
          6.123233995736766e-17,
          0.25881904510252074,
          0.9659258262890683,
          4.8296291314453415
        ],
        [
          0.0,
          0.9659258262890683,
          -0.25881904510252074,
          -1.2940952255126037
        ],
        [
          0.0,
          0.0,
          0.0,
          1.0
        ]
      ]
    },
    {
      "file_path": "./images/train/cam_004",
      "transform_matrix": [
        [
          -0.8660254037844388,
          -0.12940952255126031,
          -0.482962913144534,
          -2.41481456572267
        ],
        [
          -0.49999999999999983,
          0.22414386804201342,
          0.836516303737808,
          4.18258151868904
        ],
        [
          0.0,
          0.9659258262890684,
          -0.25881904510252074,
          -1.2940952255126037
        ],
        [
          0.0,
          0.0,
          0.0,
          1.0
        ]
      ]
    },
    {
      "file_path": "./images/train/cam_006",
      "transform_matrix": [
        [
          -1.2246467991473532e-16,
          -0.25881904510252074,
          -0.9659258262890683,
          -4.8296291314453415
        ],
        [
          -1.0,
          3.169619151431765e-17,
          1.1829179713786698e-16,
          5.914589856893349e-16
        ],
        [
          0.0,
          0.9659258262890683,
          -0.25881904510252074,
          -1.2940952255126037
        ],
        [
          0.0,
          0.0,
          0.0,
          1.0
        ]
      ]
    },
    {
      "file_path": "./images/train/cam_007",
      "transform_matrix": [
        [
          0.5000000000000001,
          -0.22414386804201336,
          -0.8365163037378078,
          -4.182581518689039
        ],
        [
          -0.8660254037844386,
          -0.1294095225512604,
          -0.4829629131445342,
          -2.414814565722671
        ],
        [
          0.0,
          0.9659258262890683,
          -0.25881904510252074,
          -1.2940952255126037
        ],
        [
          0.0,
          0.0,
          0.0,
          1.0
        ]
      ]
    },
    {
      "file_path": "./images/train/cam_009",
      "transform_matrix": [
        [
          1.0,
          -4.7544287271476465e-17,
          -1.7743769570680046e-16,
          -8.871884785340023e-16
        ],
        [
          -1.8369701987210297e-16,
          -0.25881904510252074,
          -0.9659258262890683,
          -4.8296291314453415
        ],
        [
          0.0,
          0.9659258262890683,
          -0.25881904510252074,
          -1.2940952255126037
        ],
        [
          0.0,
          0.0,
          0.0,
          1.0
        ]
      ]
    },
    {
      "file_path": "./images/train/cam_010",
      "transform_matrix": [
        [
          0.8660254037844386,
          0.1294095225512604,
          0.4829629131445342,
          2.414814565722671
        ],
        [
          0.5000000000000001,
          -0.22414386804201336,
          -0.8365163037378078,
          -4.182581518689039
        ],
        [
          -0.0,
          0.9659258262890683,
          -0.25881904510252074,
          -1.2940952255126037
        ],
        [
          0.0,
          0.0,
          0.0,
          1.0
        ]
      ]
    },
    {
      "file_path": "./images/train/cam_012",
      "transform_matrix": [
        [
          0.0,
          0.0,
          1.0,
          5.0
        ],
        [
          1.0,
          0.0,
          0.0,
          0.0
        ],
        [
          0.0,
          1.0,
          0.0,
          0.0
        ],
        [
          0.0,
          0.0,
          0.0,
          1.0
        ]
      ]
    },
    {
      "file_path": "./images/train/cam_013",
      "transform_matrix": [
        [
          -0.4999999999999999,
          0.0,
          0.8660254037844387,
          4.330127018922194
        ],
        [
          0.8660254037844387,
          -0.0,
          0.4999999999999999,
          2.4999999999999996
        ],
        [
          0.0,
          1.0,
          0.0,
          0.0
        ],
        [
          0.0,
          0.0,
          0.0,
          1.0
        ]
      ]
    },
    {
      "file_path": "./images/train/cam_015",
      "transform_matrix": [
        [
          -1.0,
          0.0,
          6.123233995736766e-17,
          3.061616997868383e-16
        ],
        [
          6.123233995736766e-17,
          -0.0,
          1.0,
          5.0
        ],
        [
          0.0,
          1.0,
          0.0,
          0.0
        ],
        [
          0.0,
          0.0,
          0.0,
          1.0
        ]
      ]
    },
    {
      "file_path": "./images/train/cam_016",
      "transform_matrix": [
        [
          -0.8660254037844387,
          0.0,
          -0.49999999999999983,
          -2.499999999999999
        ],
        [
          -0.49999999999999983,
          0.0,
          0.8660254037844387,
          4.330127018922194
        ],
        [
          0.0,
          1.0,
          0.0,
          0.0
        ],
        [
          0.0,
          0.0,
          0.0,
          1.0
        ]
      ]
    },
    {
      "file_path": "./images/train/cam_018",
      "transform_matrix": [
        [
          -1.2246467991473532e-16,
          0.0,
          -1.0,
          -5.0
        ],
        [
          -1.0,
          0.0,
          1.2246467991473532e-16,
          6.123233995736766e-16
        ],
        [
          0.0,
          1.0,
          0.0,
          0.0
        ],
        [
          0.0,
          0.0,
          0.0,
          1.0
        ]
      ]
    },
    {
      "file_path": "./images/train/cam_019",
      "transform_matrix": [
        [
          0.5000000000000001,
          0.0,
          -0.8660254037844386,
          -4.330127018922193
        ],
        [
          -0.8660254037844386,
          0.0,
          -0.5000000000000001,
          -2.5000000000000004
        ],
        [
          0.0,
          1.0,
          0.0,
          0.0
        ],
        [
          0.0,
          0.0,
          0.0,
          1.0
        ]
      ]
    },
    {
      "file_path": "./images/train/cam_021",
      "transform_matrix": [
        [
          1.0,
          0.0,
          -1.8369701987210297e-16,
          -9.184850993605148e-16
        ],
        [
          -1.8369701987210297e-16,
          0.0,
          -1.0,
          -5.0
        ],
        [
          0.0,
          1.0,
          0.0,
          0.0
        ],
        [
          0.0,
          0.0,
          0.0,
          1.0
        ]
      ]
    },
    {
      "file_path": "./images/train/cam_022",
      "transform_matrix": [
        [
          0.8660254037844386,
          0.0,
          0.5000000000000001,
          2.5000000000000004
        ],
        [
          0.5000000000000001,
          0.0,
          -0.8660254037844386,
          -4.330127018922193
        ],
        [
          -0.0,
          1.0,
          0.0,
          0.0
        ],
        [
          0.0,
          0.0,
          0.0,
          1.0
        ]
      ]
    },
    {
      "file_path": "./images/train/cam_024",
      "transform_matrix": [
        [
          0.0,
          -0.25881904510252074,
          0.9659258262890683,
          4.8296291314453415
        ],
        [
          1.0,
          0.0,
          0.0,
          0.0
        ],
        [
          0.0,
          0.9659258262890683,
          0.25881904510252074,
          1.2940952255126037
        ],
        [
          0.0,
          0.0,
          0.0,
          1.0
        ]
      ]
    },
    {
      "file_path": "./images/train/cam_025",
      "transform_matrix": [
        [
          -0.49999999999999983,
          -0.2241438680420134,
          0.836516303737808,
          4.18258151868904
        ],
        [
          0.8660254037844387,
          -0.12940952255126031,
          0.48296291314453405,
          2.4148145657226703
        ],
        [
          0.0,
          0.9659258262890683,
          0.25881904510252074,
          1.2940952255126037
        ],
        [
          0.0,
          0.0,
          0.0,
          1.0
        ]
      ]
    },
    {
      "file_path": "./images/train/cam_027",
      "transform_matrix": [
        [
          -1.0,
          -1.5848095757158825e-17,
          5.914589856893349e-17,
          2.9572949284466745e-16
        ],
        [
          6.123233995736766e-17,
          -0.25881904510252074,
          0.9659258262890683,
          4.8296291314453415
        ],
        [
          0.0,
          0.9659258262890683,
          0.25881904510252074,
          1.2940952255126037
        ],
        [
          0.0,
          0.0,
          0.0,
          1.0
        ]
      ]
    },
    {
      "file_path": "./images/train/cam_028",
      "transform_matrix": [
        [
          -0.8660254037844388,
          0.12940952255126031,
          -0.482962913144534,
          -2.41481456572267
        ],
        [
          -0.49999999999999983,
          -0.22414386804201342,
          0.836516303737808,
          4.18258151868904
        ],
        [
          0.0,
          0.9659258262890684,
          0.25881904510252074,
          1.2940952255126037
        ],
        [
          0.0,
          0.0,
          0.0,
          1.0
        ]
      ]
    },
    {
      "file_path": "./images/train/cam_030",
      "transform_matrix": [
        [
          -1.2246467991473532e-16,
          0.25881904510252074,
          -0.9659258262890683,
          -4.8296291314453415
        ],
        [
          -1.0,
          -3.169619151431765e-17,
          1.1829179713786698e-16,
          5.914589856893349e-16
        ],
        [
          0.0,
          0.9659258262890683,
          0.25881904510252074,
          1.2940952255126037
        ],
        [
          0.0,
          0.0,
          0.0,
          1.0
        ]
      ]
    },
    {
      "file_path": "./images/train/cam_031",
      "transform_matrix": [
        [
          0.5000000000000001,
          0.22414386804201336,
          -0.8365163037378078,
          -4.182581518689039
        ],
        [
          -0.8660254037844386,
          0.1294095225512604,
          -0.4829629131445342,
          -2.414814565722671
        ],
        [
          0.0,
          0.9659258262890683,
          0.25881904510252074,
          1.2940952255126037
        ],
        [
          0.0,
          0.0,
          0.0,
          1.0
        ]
      ]
    },
    {
      "file_path": "./images/train/cam_033",
      "transform_matrix": [
        [
          1.0,
          4.7544287271476465e-17,
          -1.7743769570680046e-16,
          -8.871884785340023e-16
        ],
        [
          -1.8369701987210297e-16,
          0.25881904510252074,
          -0.9659258262890683,
          -4.8296291314453415
        ],
        [
          0.0,
          0.9659258262890683,
          0.25881904510252074,
          1.2940952255126037
        ],
        [
          0.0,
          0.0,
          0.0,
          1.0
        ]
      ]
    },
    {
      "file_path": "./images/train/cam_034",
      "transform_matrix": [
        [
          0.8660254037844386,
          -0.1294095225512604,
          0.4829629131445342,
          2.414814565722671
        ],
        [
          0.5000000000000001,
          0.22414386804201336,
          -0.8365163037378078,
          -4.182581518689039
        ],
        [
          -0.0,
          0.9659258262890683,
          0.25881904510252074,
          1.2940952255126037
        ],
        [
          0.0,
          0.0,
          0.0,
          1.0
        ]
      ]
    },
    {
      "file_path": "./images/train/cam_036",
      "transform_matrix": [
        [
          0.0,
          -0.4999999999999999,
          0.8660254037844387,
          4.330127018922194
        ],
        [
          1.0,
          0.0,
          0.0,
          0.0
        ],
        [
          0.0,
          0.8660254037844387,
          0.4999999999999999,
          2.4999999999999996
        ],
        [
          0.0,
          0.0,
          0.0,
          1.0
        ]
      ]
    },
    {
      "file_path": "./images/train/cam_037",
      "transform_matrix": [
        [
          -0.49999999999999994,
          -0.43301270189221924,
          0.7500000000000001,
          3.7500000000000004
        ],
        [
          0.8660254037844387,
          -0.24999999999999992,
          0.4330127018922193,
          2.1650635094610964
        ],
        [
          0.0,
          0.8660254037844387,
          0.4999999999999999,
          2.4999999999999996
        ],
        [
          0.0,
          0.0,
          0.0,
          1.0
        ]
      ]
    },
    {
      "file_path": "./images/train/cam_039",
      "transform_matrix": [
        [
          -1.0,
          -3.0616169978683824e-17,
          5.3028761936245346e-17,
          2.6514380968122674e-16
        ],
        [
          6.123233995736766e-17,
          -0.4999999999999999,
          0.8660254037844387,
          4.330127018922194
        ],
        [
          0.0,
          0.8660254037844387,
          0.4999999999999999,
          2.4999999999999996
        ],
        [
          0.0,
          0.0,
          0.0,
          1.0
        ]
      ]
    },
    {
      "file_path": "./images/train/cam_040",
      "transform_matrix": [
        [
          -0.8660254037844387,
          0.24999999999999986,
          -0.4330127018922192,
          -2.165063509461096
        ],
        [
          -0.49999999999999983,
          -0.43301270189221924,
          0.7500000000000001,
          3.7500000000000004
        ],
        [
          0.0,
          0.8660254037844386,
          0.4999999999999999,
          2.4999999999999996
        ],
        [
          0.0,
          0.0,
          0.0,
          1.0
        ]
      ]
    },
    {
      "file_path": "./images/train/cam_042",
      "transform_matrix": [
        [
          -1.2246467991473532e-16,
          0.4999999999999999,
          -0.8660254037844387,
          -4.330127018922194
        ],
        [
          -1.0,
          -6.123233995736765e-17,
          1.0605752387249069e-16,
          5.302876193624535e-16
        ],
        [
          0.0,
          0.8660254037844387,
          0.4999999999999999,
          2.4999999999999996
        ],
        [
          0.0,
          0.0,
          0.0,
          1.0
        ]
      ]
    },
    {
      "file_path": "./images/train/cam_043",
      "transform_matrix": [
        [
          0.5000000000000001,
          0.4330127018922192,
          -0.75,
          -3.75
        ],
        [
          -0.8660254037844386,
          0.25,
          -0.43301270189221946,
          -2.1650635094610973
        ],
        [
          0.0,
          0.8660254037844388,
          0.4999999999999999,
          2.4999999999999996
        ],
        [
          0.0,
          0.0,
          0.0,
          1.0
        ]
      ]
    },
    {
      "file_path": "./images/train/cam_045",
      "transform_matrix": [
        [
          1.0,
          9.184850993605146e-17,
          -1.5908628580873602e-16,
          -7.954314290436801e-16
        ],
        [
          -1.8369701987210297e-16,
          0.4999999999999999,
          -0.8660254037844387,
          -4.330127018922194
        ],
        [
          0.0,
          0.8660254037844387,
          0.4999999999999999,
          2.4999999999999996
        ],
        [
          0.0,
          0.0,
          0.0,
          1.0
        ]
      ]
    },
    {
      "file_path": "./images/train/cam_046",
      "transform_matrix": [
        [
          0.8660254037844386,
          -0.25,
          0.43301270189221946,
          2.1650635094610973
        ],
        [
          0.5000000000000001,
          0.4330127018922192,
          -0.75,
          -3.75
        ],
        [
          -0.0,
          0.8660254037844388,
          0.4999999999999999,
          2.4999999999999996
        ],
        [
          0.0,
          0.0,
          0.0,
          1.0
        ]
      ]
    }
  ]
}